.Random.seed <-
c(403L, 10L, 1363719438L, -377833607L, 736364299L, 489842746L, 
241694524L, 425538687L, 918202325L, -370882068L, 1606052674L, 
1858516125L, 1771023639L, -799234946L, 1441520696L, -1548764389L, 
-2111704967L, 710064328L, 742428918L, 1828057393L, 83581283L, 
1753590578L, -2024004476L, -165388089L, 339508125L, 376880916L, 
1328117178L, -616639483L, -985347617L, 1249430630L, -544519184L, 
2061931795L, -732616015L, -1978497696L, -809436418L, 1040995977L, 
-1902321221L, -1616692342L, 243286636L, -820835345L, -1056713691L, 
-202806052L, 2065564338L, -1880558163L, 316074343L, 572016270L, 
834088808L, 505378667L, -2106330871L, 1175144344L, 759914182L, 
-226718687L, 2068555955L, -479571422L, -1441856492L, -2138417001L, 
1921170061L, -1506427996L, -152148598L, -9362955L, 1378671695L, 
-2052203690L, -928091648L, -1524397245L, 993823457L, -507709360L, 
-2080630610L, -367215527L, 453078123L, 988209626L, -2112017764L, 
-1452538721L, 565171957L, 1903496076L, 1916217954L, 1827728957L, 
-1449455433L, 1606192990L, -778268008L, -1751195141L, -1733968999L, 
-56515544L, -2045102890L, 1339965777L, 1606770691L, 1127540626L, 
-2116754140L, -1616155673L, 1140527165L, 1247821492L, -1824778982L, 
1936709221L, 2073344767L, 803504006L, -1887334128L, 418464179L, 
1904065105L, -1486927360L, 3245790L, -169521879L, -1706381093L, 
-1149777942L, 9250700L, -998762289L, 1806882949L, -104568004L, 
2133864978L, 1993255181L, 1260474951L, 764323886L, 1552612744L, 
-1955486581L, 720854633L, -1168367048L, -2116283674L, 180399745L, 
1473384979L, 1150326210L, 1456676468L, 1251209335L, -480267923L, 
517850628L, 772986154L, 2081895061L, 303044911L, -1863082954L, 
-373573536L, 1296567971L, 1153583553L, 166401456L, -850256690L, 
797743673L, 1884937291L, -781025798L, -1668482820L, 1822162239L, 
666587669L, -1583662804L, -49464830L, -443434787L, -635708457L, 
1510147774L, -2146967304L, -642203941L, 1285596473L, -22540152L, 
1835337782L, 1406250097L, -191375709L, 510614514L, -1553023164L, 
1682649095L, 495807965L, 1387158228L, 2082629114L, -189298363L, 
-867856993L, -1095127258L, -157778000L, 392535123L, -1876732047L, 
-1730646368L, -1771638210L, 2092816713L, 1861601275L, 224594890L, 
-361159380L, -883779281L, -2113910811L, 772249244L, 324780786L, 
407987053L, 200244391L, -277031218L, 253586472L, -217346005L, 
1712587337L, 1337912152L, 2052417030L, 910438369L, 2086755699L, 
214529506L, -1533953708L, -1470027689L, 60052557L, -1773115420L, 
-805440054L, -578495435L, -549799281L, -248892522L, 1390591808L, 
-140439037L, 867854369L, 1840923408L, 2108612846L, -888176487L, 
665429291L, 534060058L, -25039140L, -630651169L, -1101369163L, 
1767470668L, -1540400478L, 387990013L, -1228453129L, 1958943774L, 
-99264808L, -1197110725L, 1452320729L, 656862568L, 1475730582L, 
-1674225135L, 564892611L, 1504948178L, 1735862884L, 799140263L, 
999065341L, -1552907532L, -428456486L, -1834526427L, 2054783039L, 
1042366406L, 1659987024L, -24541069L, 389155985L, -2118439744L, 
-496689506L, 745747049L, -953503077L, 553324748L, 578458108L, 
1564047858L, -1443853696L, 234837492L, -1005386104L, 897609530L, 
1809478480L, 210416748L, -1889007212L, 806147154L, 1575061984L, 
2118589644L, 2058480800L, -514189950L, -377102104L, 1633853164L, 
-118760132L, 2032114802L, -2100711312L, -1324496860L, 2048019512L, 
420304666L, -212562736L, 384276284L, 1283741588L, -1042785406L, 
-463695424L, -83255748L, -1803373168L, -1577720286L, 1000373512L, 
-1806305652L, -1821759716L, -1823412078L, 1289378176L, 959475220L, 
550899496L, -1980423622L, 75527632L, 951466348L, 574649268L, 
789354514L, -365675040L, 1429704652L, -1529138976L, -915003358L, 
-1478303448L, 1033469452L, 1875689276L, 293555186L, 625453808L, 
-1214257596L, 860987992L, 579280698L, 1016854000L, -1864626500L, 
2004748564L, 1277315778L, 960879712L, -1096952964L, 338470864L, 
912785698L, 2067503784L, -1174219892L, 527395004L, 1545721650L, 
-1174611392L, -1624464204L, 1131047496L, 597257658L, -522470896L, 
779475692L, -844658348L, -202272494L, -684716640L, -32126260L, 
1818078816L, -1607213118L, 1917382440L, -742735956L, -1832381636L, 
523532658L, -1024373968L, -1560586972L, 1337731896L, 1580771034L, 
-1350385776L, -1926013188L, -1889070188L, 669714498L, -134318848L, 
-967912388L, -414166704L, 38361250L, 1837427016L, 1806526220L, 
688358108L, -1104294574L, 129436800L, 1795547220L, 1274370024L, 
2096414970L, 705940304L, 1713164076L, -1058608780L, 287243154L, 
-1628845984L, 624432524L, 544664416L, 252631522L, 2137656232L, 
-454730548L, -1781684228L, 1098347954L, -1379922448L, 1330203588L, 
-1086599848L, -1830235782L, -1207604304L, 1719882172L, -507033516L, 
2146172866L, 1302714400L, -1359316804L, -217177520L, 282041314L, 
-1006393240L, -1471591348L, -587450116L, 1567984626L, 1289054464L, 
-861068940L, -918793208L, 1909088186L, 2071679440L, -241214484L, 
512133524L, -193056302L, -1115156128L, -437342388L, 1143273760L, 
2119952258L, 2146586344L, 841834732L, -1443883972L, -1320543374L, 
-2071624080L, -363697116L, -1299012808L, 815910042L, -1718474032L, 
1053257916L, 628338324L, -1966424446L, 1590720704L, -1158714564L, 
-1784693616L, -1836577246L, 1908563976L, -415177460L, -2074774372L, 
1880002066L, -1886404736L, -2079201772L, 1834746408L, -1241260742L, 
-946834992L, 231005292L, -103917260L, 1174814354L, 137352032L, 
1107682124L, 1633011680L, 57907106L, -624121944L, 53263756L, 
-49786692L, 323424626L, -1438241552L, -736980924L, 1514416472L, 
1425747514L, 1756154736L, -808974276L, 1671149332L, -1082184254L, 
1603572448L, 1069154172L, 1513676496L, 73601186L, -2005543896L, 
231200012L, 1138339772L, 1523183922L, -665046592L, -515347916L, 
1986429896L, -1273777990L, -879801968L, -1454347796L, -101844396L, 
-2095908718L, -984066272L, -1002835508L, 1425864160L, 1067067074L, 
-650339288L, 1754036908L, 1831396540L, 1486975474L, -1646296784L, 
615414948L, -2086965576L, 1715957082L, 412229008L, -272204932L, 
945385748L, 22188866L, -1009681664L, 288040892L, 950429520L, 
89531170L, 1491785032L, -1141526004L, -883681188L, -691157806L, 
-195572378L, 1372229476L, -1340080491L, -1333790785L, -361391272L, 
-1454532234L, -294855805L, 1122847173L, -599097630L, -243687600L, 
-2038052231L, 1381076395L, -1556507876L, 675423306L, 1862754367L, 
-1181585271L, -570514274L, -717192884L, -1035101923L, -1857796953L, 
2063041488L, 1148033902L, -509531621L, -299947139L, -1154930326L, 
325339144L, 1600180401L, -213127389L, 203688996L, -305475886L, 
812800807L, 398249329L, 892679094L, -52250796L, 95384037L, 1157270511L, 
-1621099736L, 1220504454L, 1271785395L, 1973006101L, -584337038L, 
636693952L, -756634071L, -1156570469L, -1556198548L, -816876678L, 
549219503L, -1053116487L, -1969069618L, 564757788L, -1386950515L, 
1464220919L, 1534928896L, 1619094110L, -70134485L, 774415917L, 
560848538L, 270981720L, -855444031L, 1241168499L, 1300372L, 638584354L, 
-1613215433L, 448239617L, 417584390L, 1372696900L, -1661516683L, 
-1682610721L, 894210360L, 1034021654L, -1518894301L, -61724443L, 
-1628736254L, -2040891536L, 344553241L, -603791605L, 2014125052L, 
995801130L, 1512305759L, 1200741353L, 300680446L, -1363477268L, 
-1472507843L, -628915193L, 1281318896L, 460536718L, -1183872581L, 
-1024677987L, 72680778L, -1185460888L, -2039913647L, -942043069L, 
1688181060L, -1706462734L, -1893157945L, 541427089L, -1310590698L, 
733575540L, 1182429189L, 501303375L, -814756792L, 1296409062L, 
-1413624045L, 713140341L, -126666158L, -1321493344L, -1422830199L, 
-1623075397L, -959471092L, 412003226L, -1391144177L, 80486745L, 
1656910830L, -779232644L, -1275315475L, -504517225L, -1537976736L, 
-576881602L, 738483467L, -41771123L, -167162694L, -1886024968L, 
-398995295L, 1102652499L, 1602762612L, -1685596926L, -426041961L, 
-699709599L, 1993483174L, -301412956L, -1215769515L, 71764223L, 
999619992L, -1518758218L, -373524669L, 54205061L, 842223394L, 
1220234256L, 1433690041L, -1546121109L, 735017820L, 1329019530L, 
-1002568065L, 1127839689L, -1830699938L, -2117470452L, 576124637L, 
